0000000000000000000000000000
0000000010000000101010001001
0000000100000001001100001010
0000000110000001011101111011
0000001000000001010111010111
0000001010000000110000010111
0000001011111111100000111001
0000001101111101100000111100
0000001111111010101000100100
0000010001110110101111110110
0000010011110001101110111101
0000010101101011011110000111
0000010111100011110101101001
0000011001011010101101111100
0000011011001111111111011111
0000011101000011100010111001
0000011110110101010000110101
0000100000100101000010001010
0000100010010010101111110010
0000100011111110010010110010
0000100101100111100100011000
0000100111001110011101111010
0000101000110010111000111000
0000101010010100101110111100
0000101011110011111001111011
0000101101010000010011110011
0000101110101001110110110000
0000110000000000011101000111
0000110001010100000001011011
0000110010100100011110011001
0000110011110001101110111101
0000110100111011101110001101
0000110110000010010111100000
0000110111000101100110010111
0000111000000101010110100010
0000111001000001100100000001
0000111001111010001010111111
0000111010101111000111111000
0000111011100000010111010101
0000111100001101110110010000
0000111100110111100001110001
0000111101011101010111001111
0000111101111111010100010001
0000111110011101010110101110
0000111110110111011100101101
0000111111001101100100100101
0000111111011111101100111011
0000111111101101110100100110
0000111111110111111010101110
0000111111111101111110101001
0001000000000000000000000000
0000111111111101111110101001
0000111111110111111010101110
0000111111101101110100100110
0000111111011111101100111011
0000111111001101100100100101
0000111110110111011100101101
0000111110011101010110101110
0000111101111111010100010001
0000111101011101010111001111
0000111100110111100001110001
0000111100001101110110010000
0000111011100000010111010101
0000111010101111000111111000
0000111001111010001010111111
0000111001000001100100000001
0000111000000101010110100010
0000110111000101100110010111
0000110110000010010111100000
0000110100111011101110001101
0000110011110001101110111101
0000110010100100011110011001
0000110001010100000001011011
0000110000000000011101000111
0000101110101001110110110000
0000101101010000010011110011
0000101011110011111001111011
0000101010010100101110111100
0000101000110010111000111000
0000100111001110011101111010
0000100101100111100100011000
0000100011111110010010110010
0000100010010010101111110010
0000100000100101000010001010
0000011110110101010000110101
0000011101000011100010111001
0000011011001111111111011111
0000011001011010101101111100
0000010111100011110101101001
0000010101101011011110000111
0000010011110001101110111101
0000010001110110101111110110
0000001111111010101000100100
0000001101111101100000111100
0000001011111111100000111001
0000001010000000110000010111
0000001000000001010111010111
0000000110000001011101111011
0000000100000001001100001010
0000000010000000101010001001
0000000000000000000000000000
1111111101111111010101110111
1111111011111110110011110110
1111111001111110100010000101
1111110111111110101000101001
1111110101111111001111101001
1111110100000000011111000111
1111110010000010011111000100
1111110000000101010111011100
1111101110001001010000001010
1111101100001110010001000011
1111101010010100100001111001
1111101000011100001010010111
1111100110100101010010000100
1111100100110000000000100001
1111100010111100011101000111
1111100001001010101111001011
1111011111011010111101110110
1111011101101101010000001110
1111011100000001101101001110
1111011010011000011011101000
1111011000110001100010000110
1111010111001101000111001000
1111010101101011010001000100
1111010100001100000110000101
1111010010101111101100001101
1111010001010110001001010000
1111001111111111100010111001
1111001110101011111110100101
1111001101011011100001100111
1111001100001110010001000011
1111001011000100010001110011
1111001001111101101000100000
1111001000111010011001101001
1111000111111010101001011110
1111000110111110011011111111
1111000110000101110101000001
1111000101010000111000001000
1111000100011111101000101011
1111000011110010001001110000
1111000011001000011110001111
1111000010100010101000110001
1111000010000000101011101111
1111000001100010101001010010
1111000001001000100011010011
1111000000110010011011011011
1111000000100000010011000101
1111000000010010001011011010
1111000000001000000101010010
1111000000000010000001010111
1111000000000000000000000000
1111000000000010000001010111
1111000000001000000101010010
1111000000010010001011011010
1111000000100000010011000101
1111000000110010011011011011
1111000001001000100011010011
1111000001100010101001010010
1111000010000000101011101111
1111000010100010101000110001
1111000011001000011110001111
1111000011110010001001110000
1111000100011111101000101011
1111000101010000111000001000
1111000110000101110101000001
1111000110111110011011111111
1111000111111010101001011110
1111001000111010011001101001
1111001001111101101000100000
1111001011000100010001110011
1111001100001110010001000011
1111001101011011100001100111
1111001110101011111110100101
1111001111111111100010111001
1111010001010110001001010000
1111010010101111101100001101
1111010100001100000110000101
1111010101101011010001000100
1111010111001101000111001000
1111011000110001100010000110
1111011010011000011011101000
1111011100000001101101001110
1111011101101101010000001110
1111011111011010111101110110
1111100001001010101111001011
1111100010111100011101000111
1111100100110000000000100001
1111100110100101010010000100
1111101000011100001010010111
1111101010010100100001111001
1111101100001110010001000011
1111101110001001010000001010
1111110000000101010111011100
1111110010000010011111000100
1111110100000000011111000111
1111110101111111001111101001
1111110111111110101000101001
1111111001111110100010000101
1111111011111110110011110110
1111111101111111010101110111
0000000000000000000000000000
0000000010000000101010001001
0000000100000001001100001010
0000000110000001011101111011
0000001000000001010111010111
0000001010000000110000010111
0000001011111111100000111001
0000001101111101100000111100
0000001111111010101000100100
0000010001110110101111110110
0000010011110001101110111101
0000010101101011011110000111
0000010111100011110101101001
0000011001011010101101111100
0000011011001111111111011111
0000011101000011100010111001
0000011110110101010000110101
0000100000100101000010001010
0000100010010010101111110010
0000100011111110010010110010
0000100101100111100100011000
0000100111001110011101111010
0000101000110010111000111000
0000101010010100101110111100
0000101011110011111001111011
0000101101010000010011110011
0000101110101001110110110000
0000110000000000011101000111
0000110001010100000001011011
0000110010100100011110011001
0000110011110001101110111101
0000110100111011101110001101
0000110110000010010111100000
0000110111000101100110010111
0000111000000101010110100010
0000111001000001100100000001
0000111001111010001010111111
0000111010101111000111111000
0000111011100000010111010101
0000111100001101110110010000
0000111100110111100001110001
0000111101011101010111001111
0000111101111111010100010001
0000111110011101010110101110
0000111110110111011100101101
0000111111001101100100100101
0000111111011111101100111011
0000111111101101110100100110
0000111111110111111010101110
0000111111111101111110101001
0001000000000000000000000000
0000111111111101111110101001
0000111111110111111010101110
0000111111101101110100100110
0000111111011111101100111011
0000111111001101100100100101
0000111110110111011100101101
0000111110011101010110101110
0000111101111111010100010001
0000111101011101010111001111
0000111100110111100001110001
0000111100001101110110010000
0000111011100000010111010101
0000111010101111000111111000
0000111001111010001010111111
0000111001000001100100000001
0000111000000101010110100010
0000110111000101100110010111
0000110110000010010111100000
0000110100111011101110001101
0000110011110001101110111101
0000110010100100011110011001
0000110001010100000001011011
0000110000000000011101000111
0000101110101001110110110000
0000101101010000010011110011
0000101011110011111001111011
0000101010010100101110111100
0000101000110010111000111000
0000100111001110011101111010
0000100101100111100100011000
0000100011111110010010110010
0000100010010010101111110010
0000100000100101000010001010
0000011110110101010000110101
0000011101000011100010111001
0000011011001111111111011111
0000011001011010101101111100
0000010111100011110101101001
0000010101101011011110000111
0000010011110001101110111101
0000010001110110101111110110
0000001111111010101000100100
0000001101111101100000111100
0000001011111111100000111001
0000001010000000110000010111
0000001000000001010111010111
0000000110000001011101111011
0000000100000001001100001010
0000000010000000101010001001
0000000000000000000000000000
1111111101111111010101110111
1111111011111110110011110110
1111111001111110100010000101
1111110111111110101000101001
1111110101111111001111101001
1111110100000000011111000111
1111110010000010011111000100
1111110000000101010111011100
1111101110001001010000001010
1111101100001110010001000011
1111101010010100100001111001
1111101000011100001010010111
1111100110100101010010000100
1111100100110000000000100001
1111100010111100011101000111
1111100001001010101111001011
1111011111011010111101110110
1111011101101101010000001110
1111011100000001101101001110
1111011010011000011011101000
1111011000110001100010000110
1111010111001101000111001000
1111010101101011010001000100
1111010100001100000110000101
1111010010101111101100001101
1111010001010110001001010000
1111001111111111100010111001
1111001110101011111110100101
1111001101011011100001100111
1111001100001110010001000011
1111001011000100010001110011
1111001001111101101000100000
1111001000111010011001101001
1111000111111010101001011110
1111000110111110011011111111
1111000110000101110101000001
1111000101010000111000001000
1111000100011111101000101011
1111000011110010001001110000
1111000011001000011110001111
1111000010100010101000110001
1111000010000000101011101111
1111000001100010101001010010
1111000001001000100011010011
1111000000110010011011011011
1111000000100000010011000101
1111000000010010001011011010
1111000000001000000101010010
1111000000000010000001010111
1111000000000000000000000000
1111000000000010000001010111
1111000000001000000101010010
1111000000010010001011011010
1111000000100000010011000101
1111000000110010011011011011
1111000001001000100011010011
1111000001100010101001010010
1111000010000000101011101111
1111000010100010101000110001
1111000011001000011110001111
1111000011110010001001110000
1111000100011111101000101011
1111000101010000111000001000
1111000110000101110101000001
1111000110111110011011111111
1111000111111010101001011110
1111001000111010011001101001
1111001001111101101000100000
1111001011000100010001110011
1111001100001110010001000011
1111001101011011100001100111
1111001110101011111110100101
1111001111111111100010111001
1111010001010110001001010000
1111010010101111101100001101
1111010100001100000110000101
1111010101101011010001000100
1111010111001101000111001000
1111011000110001100010000110
1111011010011000011011101000
1111011100000001101101001110
1111011101101101010000001110
1111011111011010111101110110
1111100001001010101111001011
1111100010111100011101000111
1111100100110000000000100001
1111100110100101010010000100
1111101000011100001010010111
1111101010010100100001111001
1111101100001110010001000011
1111101110001001010000001010
1111110000000101010111011100
1111110010000010011111000100
1111110100000000011111000111
1111110101111111001111101001
1111110111111110101000101001
1111111001111110100010000101
1111111011111110110011110110
1111111101111111010101110111
0000000000000000000000000000
0000000010000000101010001001
0000000100000001001100001010
0000000110000001011101111011
0000001000000001010111010111
0000001010000000110000010111
0000001011111111100000111001
0000001101111101100000111100
0000001111111010101000100100
0000010001110110101111110110
0000010011110001101110111101
0000010101101011011110000111
0000010111100011110101101001
0000011001011010101101111100
0000011011001111111111011111
0000011101000011100010111001
0000011110110101010000110101
0000100000100101000010001010
0000100010010010101111110010
0000100011111110010010110010
0000100101100111100100011000
0000100111001110011101111010
0000101000110010111000111000
0000101010010100101110111100
0000101011110011111001111011
0000101101010000010011110011
0000101110101001110110110000
0000110000000000011101000111
0000110001010100000001011011
0000110010100100011110011001
0000110011110001101110111101
0000110100111011101110001101
0000110110000010010111100000
0000110111000101100110010111
0000111000000101010110100010
0000111001000001100100000001
0000111001111010001010111111
0000111010101111000111111000
0000111011100000010111010101
0000111100001101110110010000
0000111100110111100001110001
0000111101011101010111001111
0000111101111111010100010001
0000111110011101010110101110
0000111110110111011100101101
0000111111001101100100100101
0000111111011111101100111011
0000111111101101110100100110
0000111111110111111010101110
0000111111111101111110101001
0001000000000000000000000000
0000111111111101111110101001
0000111111110111111010101110
0000111111101101110100100110
0000111111011111101100111011
0000111111001101100100100101
0000111110110111011100101101
0000111110011101010110101110
0000111101111111010100010001
0000111101011101010111001111
0000111100110111100001110001
0000111100001101110110010000
0000111011100000010111010101
0000111010101111000111111000
0000111001111010001010111111
0000111001000001100100000001
0000111000000101010110100010
0000110111000101100110010111
0000110110000010010111100000
0000110100111011101110001101
0000110011110001101110111101
0000110010100100011110011001
0000110001010100000001011011
0000110000000000011101000111
0000101110101001110110110000
0000101101010000010011110011
0000101011110011111001111011
0000101010010100101110111100
0000101000110010111000111000
0000100111001110011101111010
0000100101100111100100011000
0000100011111110010010110010
0000100010010010101111110010
0000100000100101000010001010
0000011110110101010000110101
0000011101000011100010111001
0000011011001111111111011111
0000011001011010101101111100
0000010111100011110101101001
0000010101101011011110000111
0000010011110001101110111101
0000010001110110101111110110
0000001111111010101000100100
0000001101111101100000111100
0000001011111111100000111001
0000001010000000110000010111
0000001000000001010111010111
0000000110000001011101111011
0000000100000001001100001010
0000000010000000101010001001
0000000000000000000000000000
1111111101111111010101110111
1111111011111110110011110110
1111111001111110100010000101
1111110111111110101000101001
1111110101111111001111101001
1111110100000000011111000111
1111110010000010011111000100
1111110000000101010111011100
1111101110001001010000001010
1111101100001110010001000011
1111101010010100100001111001
1111101000011100001010010111
1111100110100101010010000100
1111100100110000000000100001
1111100010111100011101000111
1111100001001010101111001011
1111011111011010111101110110
1111011101101101010000001110
1111011100000001101101001110
1111011010011000011011101000
1111011000110001100010000110
1111010111001101000111001000
1111010101101011010001000100
1111010100001100000110000101
1111010010101111101100001101
1111010001010110001001010000
1111001111111111100010111001
1111001110101011111110100101
1111001101011011100001100111
1111001100001110010001000011
1111001011000100010001110011
1111001001111101101000100000
1111001000111010011001101001
1111000111111010101001011110
1111000110111110011011111111
1111000110000101110101000001
1111000101010000111000001000
1111000100011111101000101011
1111000011110010001001110000
1111000011001000011110001111
1111000010100010101000110001
1111000010000000101011101111
1111000001100010101001010010
1111000001001000100011010011
1111000000110010011011011011
1111000000100000010011000101
1111000000010010001011011010
1111000000001000000101010010
1111000000000010000001010111
1111000000000000000000000000
1111000000000010000001010111
1111000000001000000101010010
1111000000010010001011011010
1111000000100000010011000101
1111000000110010011011011011
1111000001001000100011010011
1111000001100010101001010010
1111000010000000101011101111
1111000010100010101000110001
1111000011001000011110001111
1111000011110010001001110000
1111000100011111101000101011
1111000101010000111000001000
1111000110000101110101000001
1111000110111110011011111111
1111000111111010101001011110
1111001000111010011001101001
1111001001111101101000100000
1111001011000100010001110011
1111001100001110010001000011
1111001101011011100001100111
1111001110101011111110100101
1111001111111111100010111001
1111010001010110001001010000
1111010010101111101100001101
1111010100001100000110000101
1111010101101011010001000100
1111010111001101000111001000
1111011000110001100010000110
1111011010011000011011101000
1111011100000001101101001110
1111011101101101010000001110
1111011111011010111101110110
1111100001001010101111001011
1111100010111100011101000111
1111100100110000000000100001
1111100110100101010010000100
1111101000011100001010010111
1111101010010100100001111001
1111101100001110010001000011
1111101110001001010000001010
1111110000000101010111011100
1111110010000010011111000100
1111110100000000011111000111
1111110101111111001111101001
1111110111111110101000101001
1111111001111110100010000101
1111111011111110110011110110
1111111101111111010101110111
0000000000000000000000000000
0000000010000000101010001001
0000000100000001001100001010
0000000110000001011101111011
0000001000000001010111010111
0000001010000000110000010111
0000001011111111100000111001
0000001101111101100000111100
0000001111111010101000100100
0000010001110110101111110110
0000010011110001101110111101
0000010101101011011110000111
0000010111100011110101101001
0000011001011010101101111100
0000011011001111111111011111
0000011101000011100010111001
0000011110110101010000110101
0000100000100101000010001010
0000100010010010101111110010
0000100011111110010010110010
0000100101100111100100011000
0000100111001110011101111010
0000101000110010111000111000
0000101010010100101110111100
0000101011110011111001111011
0000101101010000010011110011
0000101110101001110110110000
0000110000000000011101000111
0000110001010100000001011011
0000110010100100011110011001
0000110011110001101110111101
0000110100111011101110001101
0000110110000010010111100000
0000110111000101100110010111
0000111000000101010110100010
0000111001000001100100000001
0000111001111010001010111111
0000111010101111000111111000
0000111011100000010111010101
0000111100001101110110010000
0000111100110111100001110001
0000111101011101010111001111
0000111101111111010100010001
0000111110011101010110101110
0000111110110111011100101101
0000111111001101100100100101
0000111111011111101100111011
0000111111101101110100100110
0000111111110111111010101110
0000111111111101111110101001
0001000000000000000000000000
0000111111111101111110101001
0000111111110111111010101110
0000111111101101110100100110
0000111111011111101100111011
0000111111001101100100100101
0000111110110111011100101101
0000111110011101010110101110
0000111101111111010100010001
0000111101011101010111001111
0000111100110111100001110001
0000111100001101110110010000
0000111011100000010111010101
0000111010101111000111111000
0000111001111010001010111111
0000111001000001100100000001
0000111000000101010110100010
0000110111000101100110010111
0000110110000010010111100000
0000110100111011101110001101
0000110011110001101110111101
0000110010100100011110011001
0000110001010100000001011011
0000110000000000011101000111
0000101110101001110110110000
0000101101010000010011110011
0000101011110011111001111011
0000101010010100101110111100
0000101000110010111000111000
0000100111001110011101111010
0000100101100111100100011000
0000100011111110010010110010
0000100010010010101111110010
0000100000100101000010001010
0000011110110101010000110101
0000011101000011100010111001
0000011011001111111111011111
0000011001011010101101111100
0000010111100011110101101001
0000010101101011011110000111
0000010011110001101110111101
0000010001110110101111110110
0000001111111010101000100100
0000001101111101100000111100
0000001011111111100000111001
0000001010000000110000010111
0000001000000001010111010111
0000000110000001011101111011
0000000100000001001100001010
0000000010000000101010001001
0000000000000000000000000000
1111111101111111010101110111
1111111011111110110011110110
1111111001111110100010000101
1111110111111110101000101001
1111110101111111001111101001
1111110100000000011111000111
1111110010000010011111000100
1111110000000101010111011100
1111101110001001010000001010
1111101100001110010001000011
1111101010010100100001111001
1111101000011100001010010111
1111100110100101010010000100
1111100100110000000000100001
1111100010111100011101000111
1111100001001010101111001011
1111011111011010111101110110
1111011101101101010000001110
1111011100000001101101001110
1111011010011000011011101000
1111011000110001100010000110
1111010111001101000111001000
1111010101101011010001000100
1111010100001100000110000101
1111010010101111101100001101
1111010001010110001001010000
1111001111111111100010111001
1111001110101011111110100101
1111001101011011100001100111
1111001100001110010001000011
1111001011000100010001110011
1111001001111101101000100000
1111001000111010011001101001
1111000111111010101001011110
1111000110111110011011111111
1111000110000101110101000001
1111000101010000111000001000
1111000100011111101000101011
1111000011110010001001110000
1111000011001000011110001111
1111000010100010101000110001
1111000010000000101011101111
1111000001100010101001010010
1111000001001000100011010011
1111000000110010011011011011
1111000000100000010011000101
1111000000010010001011011010
1111000000001000000101010010
1111000000000010000001010111
1111000000000000000000000000
1111000000000010000001010111
1111000000001000000101010010
1111000000010010001011011010
1111000000100000010011000101
1111000000110010011011011011
1111000001001000100011010011
1111000001100010101001010010
1111000010000000101011101111
1111000010100010101000110001
1111000011001000011110001111
1111000011110010001001110000
1111000100011111101000101011
1111000101010000111000001000
1111000110000101110101000001
1111000110111110011011111111
1111000111111010101001011110
1111001000111010011001101001
1111001001111101101000100000
1111001011000100010001110011
1111001100001110010001000011
1111001101011011100001100111
1111001110101011111110100101
1111001111111111100010111001
1111010001010110001001010000
1111010010101111101100001101
1111010100001100000110000101
1111010101101011010001000100
1111010111001101000111001000
1111011000110001100010000110
1111011010011000011011101000
1111011100000001101101001110
1111011101101101010000001110
1111011111011010111101110110
1111100001001010101111001011
1111100010111100011101000111
1111100100110000000000100001
1111100110100101010010000100
1111101000011100001010010111
1111101010010100100001111001
1111101100001110010001000011
1111101110001001010000001010
1111110000000101010111011100
1111110010000010011111000100
1111110100000000011111000111
1111110101111111001111101001
1111110111111110101000101001
1111111001111110100010000101
1111111011111110110011110110
1111111101111111010101110111
0000000000000000000000000000
0000000010000000101010001001
0000000100000001001100001010
0000000110000001011101111011
0000001000000001010111010111
0000001010000000110000010111
0000001011111111100000111001
0000001101111101100000111100
0000001111111010101000100100
0000010001110110101111110110
0000010011110001101110111101
0000010101101011011110000111
0000010111100011110101101001
0000011001011010101101111100
0000011011001111111111011111
0000011101000011100010111001
0000011110110101010000110101
0000100000100101000010001010
0000100010010010101111110010
0000100011111110010010110010
0000100101100111100100011000
0000100111001110011101111010
0000101000110010111000111000
0000101010010100101110111100
0000101011110011111001111011
0000101101010000010011110011
0000101110101001110110110000
0000110000000000011101000111
0000110001010100000001011011
0000110010100100011110011001
0000110011110001101110111101
0000110100111011101110001101
0000110110000010010111100000
0000110111000101100110010111
0000111000000101010110100010
0000111001000001100100000001
0000111001111010001010111111
0000111010101111000111111000
0000111011100000010111010101
0000111100001101110110010000
0000111100110111100001110001
0000111101011101010111001111
0000111101111111010100010001
0000111110011101010110101110
0000111110110111011100101101
0000111111001101100100100101
0000111111011111101100111011
0000111111101101110100100110
0000111111110111111010101110
0000111111111101111110101001
0001000000000000000000000000
0000111111111101111110101001
0000111111110111111010101110
0000111111101101110100100110
0000111111011111101100111011
0000111111001101100100100101
0000111110110111011100101101
0000111110011101010110101110
0000111101111111010100010001
0000111101011101010111001111
0000111100110111100001110001
0000111100001101110110010000
0000111011100000010111010101
0000111010101111000111111000
0000111001111010001010111111
0000111001000001100100000001
0000111000000101010110100010
0000110111000101100110010111
0000110110000010010111100000
0000110100111011101110001101
0000110011110001101110111101
0000110010100100011110011001
0000110001010100000001011011
0000110000000000011101000111
0000101110101001110110110000
0000101101010000010011110011
0000101011110011111001111011
0000101010010100101110111100
0000101000110010111000111000
0000100111001110011101111010
0000100101100111100100011000
0000100011111110010010110010
0000100010010010101111110010
0000100000100101000010001010
0000011110110101010000110101
0000011101000011100010111001
0000011011001111111111011111
0000011001011010101101111100
0000010111100011110101101001
0000010101101011011110000111
0000010011110001101110111101
0000010001110110101111110110
0000001111111010101000100100
0000001101111101100000111100
0000001011111111100000111001
0000001010000000110000010111
0000001000000001010111010111
0000000110000001011101111011
0000000100000001001100001010
0000000010000000101010001001
0000000000000000000000000000
1111111101111111010101110111
1111111011111110110011110110
1111111001111110100010000101
1111110111111110101000101001
1111110101111111001111101001
1111110100000000011111000111
1111110010000010011111000100
1111110000000101010111011100
1111101110001001010000001010
1111101100001110010001000011
1111101010010100100001111001
1111101000011100001010010111
1111100110100101010010000100
1111100100110000000000100001
1111100010111100011101000111
1111100001001010101111001011
1111011111011010111101110110
1111011101101101010000001110
1111011100000001101101001110
1111011010011000011011101000
1111011000110001100010000110
1111010111001101000111001000
1111010101101011010001000100
1111010100001100000110000101
1111010010101111101100001101
1111010001010110001001010000
1111001111111111100010111001
1111001110101011111110100101
1111001101011011100001100111
1111001100001110010001000011
1111001011000100010001110011
1111001001111101101000100000
1111001000111010011001101001
1111000111111010101001011110
1111000110111110011011111111
1111000110000101110101000001
1111000101010000111000001000
1111000100011111101000101011
1111000011110010001001110000
1111000011001000011110001111
1111000010100010101000110001
1111000010000000101011101111
1111000001100010101001010010
1111000001001000100011010011
1111000000110010011011011011
1111000000100000010011000101
1111000000010010001011011010
1111000000001000000101010010
1111000000000010000001010111
1111000000000000000000000000
1111000000000010000001010111
1111000000001000000101010010
1111000000010010001011011010
1111000000100000010011000101
1111000000110010011011011011
1111000001001000100011010011
1111000001100010101001010010
1111000010000000101011101111
1111000010100010101000110001
1111000011001000011110001111
1111000011110010001001110000
1111000100011111101000101011
1111000101010000111000001000
1111000110000101110101000001
1111000110111110011011111111
1111000111111010101001011110
1111001000111010011001101001
1111001001111101101000100000
1111001011000100010001110011
1111001100001110010001000011
1111001101011011100001100111
1111001110101011111110100101
1111001111111111100010111001
1111010001010110001001010000
1111010010101111101100001101
1111010100001100000110000101
1111010101101011010001000100
1111010111001101000111001000
1111011000110001100010000110
1111011010011000011011101000
1111011100000001101101001110
1111011101101101010000001110
1111011111011010111101110110
1111100001001010101111001011
1111100010111100011101000111
1111100100110000000000100001
1111100110100101010010000100
1111101000011100001010010111
1111101010010100100001111001
1111101100001110010001000011
1111101110001001010000001010
1111110000000101010111011100
1111110010000010011111000100
1111110100000000011111000111
1111110101111111001111101001
1111110111111110101000101001
1111111001111110100010000101
1111111011111110110011110110
1111111101111111010101110111
